[  0   1   2   3   4   5   6   7   8   9  10  11  12  13  14  15  16  17 18  19  20  21  22  23  24  25  26  27  28  30  31  32  33  35  36  37 38  39  40  41  42  43  44  45  46  47  48  49  51  52  53  54  55  56 57  58  59  60  61  62  63  64  65  67  68  69  70  71  72  73  74  75 76  77  78  79  80  81  82  83  84  85  86  87  88  89  90  91  92  93 95  96  97  98  99 100 101 102 103 104 106 107 108 109 110]
[ 29  34  50  66  94 105]
[  0   1   2   3   4   5   6   7   8  10  11  12  14  15  16  17  18  20 21  22  23  24  25  26  27  28  29  30  31  32  33  34  35  36  37  38 39  40  41  42  43  44  45  46  47  48  49  50  51  52  53  54  55  56 57  58  59  60  61  62  63  64  65  66  67  68  70  71  72  73  74  75 76  77  78  80  81  82  83  84  85  86  87  88  89  90  91  92  93  94 95  96  98  99 100 101 102 103 104 105 106 107 108 109 110]
[ 9 13 19 69 79 97]
[  0   1   2   3   4   5   6   8   9  10  11  12  13  14  15  17  18  19 20  21  23  24  25  26  27  28  29  30  31  32  33  34  35  36  37  38 39  40  42  43  44  45  46  47  48  49  50  51  52  53  54  55  56  57 58  59  60  61  62  63  64  65  66  67  68  69  70  71  72  73  74  75 76  77  78  79  80  81  82  83  84  85  86  87  88  89  90  91  92  93 94  95  96  97  98 101 102 103 104 105 106 107 108 109 110]
[  7  16  22  41  99 100]
[  0   1   2   3   4   5   6   7   8   9  10  11  12  13  14  15  16  17 18  19  20  21  22  23  24  25  26  27  29  30  31  32  33  34  35  36 37  38  40  41  42  43  44  45  46  47  48  49  50  51  52  54  55  56 57  58  59  60  61  62  63  64  66  67  68  69  70  71  72  73  74  75 76  77  78  79  80  81  82  83  84  85  86  87  90  91  92  93  94  95 96  97  98  99 100 101 102 103 104 105 106 107 108 109 110]
[28 39 53 65 88 89]
[  0   1   2   4   6   7   8   9  10  12  13  14  15  16  17  18  19  20 21  22  23  24  25  26  27  28  29  31  32  33  34  35  36  37  38  39 40  41  42  43  44  45  46  47  48  49  50  51  52  53  54  55  56  57 58  59  60  61  62  63  64  65  66  67  68  69  70  71  72  73  74  75 76  77  78  79  81  82  84  85  86  87  88  89  90  91  92  93  94  95 96  97  98  99 100 101 102 103 104 105 106 107 108 109 110]
[ 3  5 11 30 80 83]
[  0   1   3   4   5   6   7   8   9  10  11  12  13  14  15  16  17  18 19  20  21  22  23  24  25  27  28  29  30  31  32  33  34  36  37  38 39  41  42  43  44  45  46  47  48  49  50  51  52  53  54  55  56  57 58  59  60  61  63  64  65  66  67  68  69  70  71  72  73  74  75  76 77  78  79  80  81  82  83  84  85  86  87  88  89  90  91  92  93  94 95  96  97  99 100 101 102 103 104 105 106 107 108 109 110]
[ 2 26 35 40 62 98]
[  0   1   2   3   5   6   7   8   9  10  11  12  13  14  15  16  17  18 19  20  21  22  23  24  25  26  27  28  29  30  31  32  33  34  35  36 37  38  39  40  41  42  43  44  45  46  47  48  49  50  51  52  53  55 56  57  58  59  61  62  63  64  65  66  67  68  69  70  71  72  73  74 75  76  77  78  79  80  81  82  83  84  85  86  88  89  90  91  92  93 94  95  97  98  99 100 101 102 103 104 105 106 107 108 110]
[  4  54  60  87  96 109]
[  0   1   2   3   4   5   6   7   8   9  10  11  12  13  14  15  16  17 18  19  20  21  22  23  24  25  26  27  28  29  30  31  32  33  34  35 36  37  38  39  40  41  42  43  44  45  46  47  48  49  50  51  52  53 54  56  57  58  59  60  61  62  63  64  65  66  67  68  69  70  72  73 74  75  76  77  79  80  81  83  84  86  87  88  89  90  91  92  93  94 95  96  97  98  99 100 101 102 104 105 106 107 108 109 110]
[ 55  71  78  82  85 103]
[  0   1   2   3   4   5   7   8   9  10  11  13  14  15  16  17  19  20 21  22  23  24  25  26  27  28  29  30  31  32  33  34  35  36  38  39 40  41  42  43  44  46  47  48  49  50  51  52  53  54  55  56  57  58 59  60  62  63  64  65  66  67  68  69  70  71  72  73  74  75  76  77 78  79  80  81  82  83  84  85  86  87  88  89  90  91  92  93  94  95 96  97  98  99 100 101 102 103 104 105 106 107 108 109 110]
[ 6 12 18 37 45 61]
[  0   1   2   3   4   5   6   7   8   9  11  12  13  14  15  16  17  18 19  22  23  24  25  26  27  28  29  30  31  32  33  34  35  36  37  38 39  40  41  42  43  44  45  47  48  50  51  52  53  54  55  56  58  59 60  61  62  63  64  65  66  67  68  69  70  71  72  73  74  75  76  77 78  79  80  81  82  83  84  85  86  87  88  89  90  91  92  93  94  95 96  97  98  99 100 101 102 103 104 105 106 107 108 109 110]
[10 20 21 46 49 57]
[  0   1   2   3   4   5   6   7   8   9  10  11  12  13  14  15  16  17 18  19  20  21  22  23  24  25  26  27  28  29  30  31  32  33  34  35 36  37  38  39  40  41  43  44  45  46  47  48  49  50  51  52  53  54 55  57  58  59  60  61  62  63  64  65  66  67  68  69  70  71  72  73 75  76  77  78  79  80  81  82  83  84  85  86  87  88  89  90  91  92 93  94  96  97  98  99 100 103 104 105 106 107 108 109 110]
[ 42  56  74  95 101 102]
[  0   1   2   3   4   5   6   7   8   9  10  11  12  13  14  15  16  17 18  19  20  21  22  23  24  25  26  27  28  29  30  31  32  33  34  35 36  37  38  39  40  41  42  43  44  45  46  48  49  50  51  52  53  54 55  56  57  58  59  60  61  62  63  64  65  66  67  68  69  71  72  73 74  75  76  77  78  79  80  81  82  83  84  85  86  87  88  89  90  91 93  94  95  96  97  98  99 100 101 102 103 104 105 106 108 109]
[ 47  70  92 107 110]
[  0   1   2   3   4   5   6   7   8   9  10  11  12  13  15  16  17  18 19  20  21  22  23  24  25  26  27  28  29  30  31  32  33  34  35  36 37  38  39  40  41  42  43  44  45  46  47  48  49  50  51  52  53  54 55  56  57  58  59  60  61  62  63  65  66  68  69  70  71  72  73  74 75  77  78  79  80  81  82  83  84  85  86  87  88  89  90  91  92  93 94  95  96  97  98  99 100 101 102 103 104 105 107 108 109 110]
[ 14  64  67  76 106]
[  1   2   3   4   5   6   7   8   9  10  11  12  13  14  15  16  18  19 20  21  22  24  25  26  27  28  29  30  31  32  33  34  35  36  37  39 40  41  42  43  44  45  46  47  48  49  50  51  52  53  54  55  56  57 58  59  60  61  62  63  64  65  66  67  68  69  70  71  72  73  74  75 76  77  78  79  80  81  82  83  84  85  86  87  88  89  90  91  92  93 94  95  96  97  98  99 100 101 102 103 104 105 106 107 109 110]
[  0  17  23  38 108]
[  0   1   2   3   4   5   6   7   8   9  10  11  12  13  14  15  16  17 18  19  20  21  22  23  24  26  27  28  29  30  32  33  34  35  36  37 38  39  40  41  42  43  44  45  46  47  48  49  50  51  52  53  54  55 56  57  58  60  61  62  63  64  65  66  67  68  69  70  71  72  73  74 75  76  77  78  79  80  81  82  83  84  85  86  87  88  89  91  92  93 94  95  96  97  98  99 100 101 102 103 105 106 107 108 109 110]
[ 25  31  59  90 104]
[  0   1   2   3   4   5   6   7   8   9  10  11  12  13  14  15  16  17 18  19  20  21  22  23  24  25  26  27  28  29  30  31  33  34  35  36 37  38  39  40  41  42  43  44  45  46  47  48  49  50  51  52  53  54 55  56  57  58  59  60  61  62  63  64  65  66  67  69  70  71  74  75 76  77  78  79  80  81  82  83  84  85  86  87  88  89  90  91  92  94 95  96  97  98  99 100 101 102 103 104 105 106 107 108 109 110]
[32 68 72 73 93]
[  0   1   2   3   4   5   6   7   8   9  10  11  12  13  14  16  17  18 19  20  21  22  23  25  26  28  29  30  31  32  33  34  35  36  37  38 39  40  41  42  43  44  45  46  47  48  49  50  51  52  53  54  55  56 57  58  59  60  61  62  63  64  65  66  67  68  69  70  71  72  73  74 76  78  79  80  81  82  83  84  85  86  87  88  89  90  91  92  93  94 95  96  97  98  99 100 101 102 103 104 105 106 107 108 109 110]
[15 24 27 75 77]
[  0   2   3   4   5   6   7   9  10  11  12  13  14  15  16  17  18  19 20  21  22  23  24  25  26  27  28  29  30  31  32  33  34  35  36  37 38  39  40  41  42  43  44  45  46  47  48  49  50  51  53  54  55  56 57  58  59  60  61  62  63  64  65  66  67  68  69  70  71  72  73  74 75  76  77  78  79  80  82  83  84  85  87  88  89  90  91  92  93  94 95  96  97  98  99 100 101 102 103 104 105 106 107 108 109 110]
[ 1  8 52 81 86]
[  0   1   2   3   4   5   6   7   8   9  10  11  12  13  14  15  16  17 18  19  20  21  22  23  24  25  26  27  28  29  30  31  32  34  35  37 38  39  40  41  42  44  45  46  47  48  49  50  52  53  54  55  56  57 58  59  60  61  62  63  64  65  66  67  68  69  70  71  72  73  74  75 76  77  78  79  80  81  82  83  85  86  87  88  89  90  91  92  93  94 95  96  97  98  99 100 101 102 103 104 105 106 107 108 109 110]
[33 36 43 51 84]
[  0   1   2   3   4   5   6   7   8   9  10  11  12  13  14  15  16  17 18  19  20  21  22  23  24  25  26  27  28  29  30  31  32  33  34  35 36  37  38  39  40  41  42  43  45  46  47  49  50  51  52  53  54  55 56  57  59  60  61  62  64  65  66  67  68  69  70  71  72  73  74  75 76  77  78  79  80  81  82  83  84  85  86  87  88  89  90  92  93  94 95  96  97  98  99 100 101 102 103 104 105 106 107 108 109 110]
[44 48 58 63 91]