[  0   1   2   3   4   5   6   7   8   9  10  11  13  14  15  16  17  18 19  20  21  22  23  24  25  27  28  29  30  31  32  33  34  35  36  37 38  39  40  41  42  43  44  45  46  47  48  49  50  51  52  53  54  55 56  57  58  59  60  61  62  63  64  65  66  67  68  69  70  71  72  73 74  75  78  79  80  81  83  84  85  86  87  88  89  90  92  93  94  95 96  97  98  99 100 101 102 103 104 105 106 107 108 109 110]
[12 26 76 77 82 91]
[  0   1   2   3   4   5   6   7   8   9  10  11  12  13  14  15  16  17 18  19  20  21  23  24  25  26  27  28  29  30  31  32  33  34  35  36 37  38  39  40  41  42  43  44  45  46  48  49  50  51  52  53  54  55 56  57  58  59  60  61  63  64  65  66  67  68  69  70  71  72  73  74 75  76  77  78  79  80  81  82  83  84  86  87  88  89  90  91  92  93 94  95  96  99 100 101 102 103 104 105 106 107 108 109 110]
[22 47 62 85 97 98]
[  0   1   2   3   4   5   6   7   8   9  10  11  12  13  14  15  16  17 18  19  20  21  22  23  24  25  26  27  28  29  30  31  32  33  34  35 36  37  38  39  40  41  42  43  44  45  46  47  48  49  51  52  53  54 55  56  57  58  59  60  61  62  63  64  66  67  69  70  71  72  73  74 76  77  79  80  81  82  83  84  85  86  87  88  89  90  91  92  93  94 95  96  97  98  99 100 101 102 103 105 106 107 108 109 110]
[ 50  65  68  75  78 104]
[  0   1   2   3   5   6   7   8   9  10  11  12  13  14  16  18  19  20 21  22  23  24  25  26  27  28  29  30  31  32  33  34  36  37  38  39 40  41  42  43  44  45  46  47  48  49  50  51  52  53  54  55  56  57 58  59  60  61  62  63  64  65  66  67  68  69  70  71  72  73  74  75 76  77  78  79  80  81  82  83  84  85  86  88  89  90  91  92  93  94 95  96  97  98  99 100 101 102 103 104 105 106 108 109 110]
[  4  15  17  35  87 107]
[  0   1   2   3   4   5   6   7   8   9  10  11  12  13  14  15  16  17 18  19  20  21  22  23  24  25  26  27  28  29  30  31  32  33  34  35 36  37  38  39  40  42  43  46  47  48  49  50  51  52  53  54  55  56 57  58  59  60  61  62  64  65  66  67  68  69  70  71  72  73  74  75 76  77  78  79  80  82  83  84  85  86  87  88  89  90  91  92  93  95 96  97  98  99 100 101 102 103 104 105 106 107 108 109 110]
[41 44 45 63 81 94]
[  0   1   2   3   4   5   6   7   8   9  10  11  12  13  14  15  16  17 18  19  20  22  23  25  26  27  28  29  30  31  32  33  34  35  37  38 39  40  41  42  43  44  45  46  47  50  51  52  53  54  55  56  57  58 59  60  61  62  63  64  65  66  67  68  69  70  71  73  74  75  76  77 78  79  80  81  82  83  84  85  86  87  88  89  90  91  92  93  94  95 96  97  98  99 100 101 102 103 104 105 106 107 108 109 110]
[21 24 36 48 49 72]
[  0   1   2   3   4   5   6   7   8   9  10  11  12  13  14  15  16  17 18  19  20  21  22  23  24  25  26  28  29  30  31  32  33  34  35  36 37  38  39  40  41  42  43  44  45  46  47  48  49  50  51  52  53  54 55  56  57  58  59  60  61  62  63  65  66  67  68  69  70  71  72  73 74  75  76  77  78  79  81  82  83  84  85  86  87  88  89  90  91  92 93  94  95  96  97  98  99 101 102 104 105 106 107 108 109]
[ 27  64  80 100 103 110]
[  0   1   2   3   4   5   7   8   9  10  11  12  13  14  15  16  17  18 19  21  22  23  24  25  26  27  28  29  30  31  32  33  34  35  36  37 38  39  40  41  42  43  44  45  46  47  48  49  50  51  52  53  54  55 56  57  59  60  61  62  63  64  65  66  67  68  69  70  71  72  73  74 75  76  77  78  79  80  81  82  83  84  85  86  87  88  89  90  91  92 93  94  95  96  97  98  99 100 102 103 104 107 108 109 110]
[  6  20  58 101 105 106]
[  0   1   2   3   4   5   6   7   9  10  11  12  14  15  16  17  18  19 20  21  22  23  24  25  26  27  28  29  30  31  32  33  34  35  36  37 38  39  40  41  42  43  44  45  46  47  48  49  50  51  52  53  54  55 56  57  58  60  61  62  63  64  65  66  67  68  69  70  71  72  73  74 75  76  77  78  79  80  81  82  83  84  85  86  87  88  89  90  91  92 93  94  97  98  99 100 101 102 103 104 105 106 107 109 110]
[  8  13  59  95  96 108]
[  0   1   2   3   4   5   6   7   8   9  10  11  12  13  14  15  16  17 18  19  20  21  22  23  24  25  26  27  29  30  31  32  33  34  35  36 37  38  40  41  42  43  44  45  47  48  49  50  51  52  53  54  55  56 57  58  59  60  61  62  63  64  65  66  67  68  69  71  72  74  75  76 77  78  79  80  81  82  83  84  85  87  88  89  90  91  92  93  94  95 96  97  98  99 100 101 102 103 104 105 106 107 108 109 110]
[28 39 46 70 73 86]
[  0   1   2   3   4   5   6   7   8  10  11  12  13  14  15  17  18  19 20  21  22  23  24  25  26  27  28  29  30  31  32  33  35  36  37  38 39  40  41  42  43  44  45  46  47  48  49  50  51  52  53  54  55  58 59  60  61  62  63  64  65  66  67  68  69  70  71  72  73  74  75  76 77  78  79  80  81  82  83  84  85  86  87  88  89  91  92  93  94  95 96  97  98  99 100 101 102 103 104 105 106 107 108 109 110]
[ 9 16 34 56 57 90]
[  0   1   2   3   4   5   6   7   8   9  10  11  12  13  14  15  16  17 19  20  21  22  23  24  25  26  27  28  29  30  31  32  33  34  35  36 37  39  40  41  42  43  44  45  46  47  48  49  50  51  53  54  55  56 57  58  59  60  61  62  63  64  65  66  67  68  69  70  71  72  73  74 75  76  77  78  79  80  81  82  84  85  86  87  88  89  90  91  93  94 95  96  97  98  99 100 101 102 103 104 105 106 107 108 109 110]
[18 38 52 83 92]
[  0   1   2   3   4   6   7   8   9  10  11  12  13  14  15  16  17  18 19  20  21  22  23  24  25  26  27  28  29  30  32  33  34  35  36  38 39  40  41  42  43  44  45  46  47  48  49  50  51  52  53  54  56  57 58  59  60  61  62  63  64  65  66  67  68  69  70  71  72  73  74  75 76  77  78  79  80  81  82  83  84  85  86  87  88  89  90  91  92  93 94  95  96  97  98  99 100 101 103 104 105 106 107 108 109 110]
[  5  31  37  55 102]
[  0   1   2   3   4   5   6   7   8   9  11  12  13  14  15  16  17  18 19  20  21  22  23  24  26  27  28  29  30  31  32  33  34  35  36  37 38  39  40  41  43  44  45  46  47  48  49  50  51  52  53  54  55  56 57  58  59  60  61  62  63  64  65  66  67  68  69  70  71  72  73  74 75  76  77  78  80  81  82  83  84  85  86  87  88  90  91  92  93  94 95  96  97  98  99 100 101 102 103 104 105 106 107 108 109 110]
[10 25 42 79 89]
[  0   1   2   3   4   5   6   7   8   9  10  11  12  13  14  15  16  17 18  19  20  21  22  23  24  25  26  27  28  30  31  32  33  34  35  36 37  38  39  40  41  42  43  44  45  46  47  48  49  50  51  52  53  54 55  56  57  58  59  60  61  62  63  64  65  67  68  70  71  72  73  74 75  76  77  78  79  80  81  82  83  84  85  86  87  88  89  90  91  92 94  95  96  97  98 100 101 102 103 104 105 106 107 108 109 110]
[29 66 69 93 99]
[  1   2   3   4   5   6   7   8   9  10  12  13  14  15  16  17  18  19 20  21  22  23  24  25  26  27  28  29  30  31  32  33  34  35  36  37 38  39  40  41  42  43  44  45  46  47  48  49  50  51  52  53  54  55 56  57  58  59  60  61  62  63  64  65  66  67  68  69  70  72  73  74 75  76  77  78  79  80  81  82  83  85  86  87  89  90  91  92  93  94 95  96  97  98  99 100 101 102 103 104 105 106 107 108 109 110]
[ 0 11 71 84 88]
[  0   1   2   4   5   6   8   9  10  11  12  13  14  15  16  17  18  19 20  21  22  23  24  25  26  27  28  29  30  31  32  33  34  35  36  37 38  39  40  41  42  43  44  45  46  47  48  49  50  52  53  54  55  56 57  58  59  62  63  64  65  66  67  68  69  70  71  72  73  74  75  76 77  78  79  80  81  82  83  84  85  86  87  88  89  90  91  92  93  94 95  96  97  98  99 100 101 102 103 104 105 106 107 108 109 110]
[ 3  7 51 60 61]
[  0   1   2   3   4   5   6   7   8   9  10  11  12  13  15  16  17  18 19  20  21  22  23  24  25  26  27  28  29  31  34  35  36  37  38  39 40  41  42  43  44  45  46  47  48  49  50  51  52  53  54  55  56  57 58  59  60  61  62  63  64  65  66  67  68  69  70  71  72  73  74  75 76  77  78  79  80  81  82  83  84  85  86  87  88  89  90  91  92  93 94  95  96  97  98  99 100 101 102 103 104 105 106 107 108 110]
[ 14  30  32  33 109]
[  0   3   4   5   6   7   8   9  10  11  12  13  14  15  16  17  18  19 20  21  22  24  25  26  27  28  29  30  31  32  33  34  35  36  37  38 39  40  41  42  43  44  45  46  47  48  49  50  51  52  55  56  57  58 59  60  61  62  63  64  65  66  67  68  69  70  71  72  73  74  75  76 77  78  79  80  81  82  83  84  85  86  87  88  89  90  91  92  93  94 95  96  97  98  99 100 101 102 103 104 105 106 107 108 109 110]
[ 1  2 23 53 54]
[  0   1   2   3   4   5   6   7   8   9  10  11  12  13  14  15  16  17 18  20  21  22  23  24  25  26  27  28  29  30  31  32  33  34  35  36 37  38  39  41  42  44  45  46  47  48  49  50  51  52  53  54  55  56 57  58  59  60  61  62  63  64  65  66  68  69  70  71  72  73  75  76 77  78  79  80  81  82  83  84  85  86  87  88  89  90  91  92  93  94 95  96  97  98  99 100 101 102 103 104 105 106 107 108 109 110]
[19 40 43 67 74]
